20 2
12
17
0.0 270.66215102965543 485.00103092673936 473.67604963730224 526.9724850502159 450.4009325034752 373.1286641361127 417.94377612305703 241.20530674095875 606.5311203887234 422.0189569201839 399.21172327475557 495.5370823661939 57.42821606144492 140.07141035914503 484.3686612488467 704.3649622177412 287.92360097775935 332.66199061509866 294.7303852676205 
270.66215102965543 0.0 686.2215385719105 640.0539039799695 446.2219178839157 573.2826527987743 107.20541031123382 573.9276957945139 425.2175913576483 781.4614513845197 494.26511104871645 637.9216252800966 608.1389643823195 273.70787347096905 285.4645336990219 525.338938210371 956.3032991682085 94.2019108086455 91.0494371207203 557.4118764432634 
485.00103092673936 686.2215385719105 0.0 103.36827366266692 584.1729196051457 211.322029140362 754.3745753934182 785.3438737266625 261.721225734559 138.97481786280562 861.7575064947215 617.404243587619 231.22499864850255 532.9615370737367 402.4052683551745 372.5385886052611 347.26358864701035 743.7593696888799 772.3794404306733 478.94049734805265 
473.67604963730224 640.0539039799695 103.36827366266692 0.0 487.89445579961244 110.78808600206071 696.9892395152166 817.9303148801858 233.48875775934053 141.41074923781431 875.9617571560987 671.9382412097111 127.90621564255585 527.0569229219933 367.0054495508207 271.4590208484515 448.8262470043391 707.2206162153363 729.342854904331 528.2660314652079 
526.9724850502159 446.2219178839157 584.1729196051457 487.89445579961244 0.0 377.60429022986483 419.10022667614965 940.5790769520657 433.3774336533918 598.2140085287205 908.2070248572184 910.082413850526 376.9204160031664 574.8617225037688 402.4425424827748 224.28776159211185 929.7150100971803 540.3702434442519 521.4326418627817 779.4318443584403 
450.4009325034752 573.2826527987743 211.322029140362 110.78808600206071 377.60429022986483 0.0 617.7669463478926 831.4541478638495 216.60332407421637 230.3410514867031 868.6431948734762 712.2394260359363 46.75467891024384 507.1419919509722 323.64950177622705 161.24515496597098 558.455906943422 649.1725502514721 664.1694061005821 566.9188654472525 
373.1286641361127 107.20541031123382 754.3745753934182 696.9892395152166 419.10022667614965 617.7669463478926 0.0 674.1453849133732 498.62310415783986 837.4276088116512 582.0867632922088 745.0939538071692 647.1491327352607 380.1486551337516 364.67108467768594 542.7227653231436 1042.4322519953034 164.45364088398895 119.95415791042844 663.220174602673 
417.94377612305703 573.9276957945139 785.3438737266625 817.9303148801858 940.5790769520657 831.4541478638495 674.1453849133732 0.0 616.0689896432054 923.7667454503869 166.6043216726385 230.4972884873052 878.2084035125148 366.28540784475706 555.5366774570334 895.5110272911216 844.0456148810916 515.7606033810648 570.6986945841037 319.18803235710453 
241.20530674095875 425.2175913576483 261.721225734559 233.48875775934053 433.3774336533918 216.60332407421637 498.62310415783986 616.0689896432054 0.0 370.08647638085887 653.4829760598205 513.9902722814898 263.2128416320146 296.0439156611735 140.6840431605518 298.04194335697116 551.6321237926595 482.468651831391 510.7210588961454 371.20614219056233 
606.5311203887234 781.4614513845197 138.97481786280562 141.41074923781431 598.2140085287205 230.3410514867031 837.4276088116512 923.7667454503869 370.08647638085887 0.0 996.1626373238458 755.4137938904743 221.41589825484527 657.7613549000883 506.77411141454337 374.1136191052125 391.9311163967464 847.9740562069102 870.687085008156 617.7847521588728 
422.0189569201839 494.26511104871645 861.7575064947215 875.9617571560987 908.2070248572184 868.6431948734762 582.0867632922088 166.6043216726385 653.4829760598205 996.1626373238458 0.0 383.15793088490284 914.6239664474139 364.6066373504465 560.357029044876 903.7549446614387 971.3135436098892 417.6601489249363 467.2515382532197 435.96559497281436 
399.21172327475557 637.9216252800966 617.404243587619 671.9382412097111 910.082413850526 712.2394260359363 745.0939538071692 230.4972884873052 513.9902722814898 755.4137938904743 383.15793088490284 0.0 757.5018151793433 370.8854270526142 507.8287112796991 811.6680355909059 621.4338259219561 610.77819214507 666.5748270074411 145.3409783921933 
495.5370823661939 608.1389643823195 231.22499864850255 127.90621564255585 376.9204160031664 46.75467891024384 647.1491327352607 878.2084035125148 263.2128416320146 221.41589825484527 914.6239664474139 757.5018151793433 0.0 552.4717187331855 366.60741945574426 153.26447729333762 574.6242250375458 686.5777450514981 699.1830947613079 612.1609265544478 
57.42821606144492 273.70787347096905 532.9615370737367 527.0569229219933 574.8617225037688 507.1419919509722 380.1486551337516 366.28540784475706 296.0439156611735 657.7613549000883 364.6066373504465 370.8854270526142 552.4717187331855 0.0 196.65706191235543 541.0147872285933 733.2339326572387 271.56214758320056 321.822932681933 284.0422503783548 
140.07141035914503 285.4645336990219 402.4052683551745 367.0054495508207 402.4425424827748 323.64950177622705 364.67108467768594 555.5366774570334 140.6840431605518 506.77411141454337 560.357029044876 507.8287112796991 366.60741945574426 196.65706191235543 0.0 344.379151517626 677.9749257900324 342.28642976314444 370.10809231898725 381.00131233369785 
484.3686612488467 525.338938210371 372.5385886052611 271.4590208484515 224.28776159211185 161.24515496597098 542.7227653231436 895.5110272911216 298.04194335697116 374.1136191052125 903.7549446614387 811.6680355909059 153.26447729333762 541.0147872285933 344.379151517626 0.0 719.7006322075868 613.2087735836792 614.5640731445338 669.2480855407806 
704.3649622177412 956.3032991682085 347.26358864701035 448.8262470043391 929.7150100971803 558.455906943422 1042.4322519953034 844.0456148810916 551.6321237926595 391.9311163967464 971.3135436098892 621.4338259219561 574.6242250375458 733.2339326572387 677.9749257900324 719.7006322075868 0.0 991.1458015852158 1031.745123564924 535.3503525729669 
287.92360097775935 94.2019108086455 743.7593696888799 707.2206162153363 540.3702434442519 649.1725502514721 164.45364088398895 515.7606033810648 482.468651831391 847.9740562069102 417.6601489249363 610.77819214507 686.5777450514981 271.56214758320056 342.28642976314444 613.2087735836792 991.1458015852158 0.0 56.32051136131489 550.2672078181654 
332.66199061509866 91.0494371207203 772.3794404306733 729.342854904331 521.4326418627817 664.1694061005821 119.95415791042844 570.6986945841037 510.7210588961454 870.687085008156 467.2515382532197 666.5748270074411 699.1830947613079 321.822932681933 370.10809231898725 614.5640731445338 1031.745123564924 56.32051136131489 0.0 603.1003233293777 
294.7303852676205 557.4118764432634 478.94049734805265 528.2660314652079 779.4318443584403 566.9188654472525 663.220174602673 319.18803235710453 371.20614219056233 617.7847521588728 435.96559497281436 145.3409783921933 612.1609265544478 284.0422503783548 381.00131233369785 669.2480855407806 535.3503525729669 550.2672078181654 603.1003233293777 0.0 
