10 2
1
7
0.0 548.0082116173078 928.2941344207665 377.4612562899668 542.9051482533574 843.5223767037837 667.632383876037 480.70781146139075 302.00165562460086 388.40185375458753 
548.0082116173078 0.0 465.0860135501819 235.77955806218657 506.8264002594971 382.968667125654 287.1271495348359 450.1610822805543 392.2295246408664 443.3565156846124 
928.2941344207665 465.0860135501819 0.0 696.8019804793898 964.2427080356895 643.8167441127949 674.641386219375 912.3168309310093 850.0499985294982 908.1728910290154 
377.4612562899668 235.77955806218657 696.8019804793898 0.0 316.93059177050105 466.0611547855067 292.60553651631403 248.50150904974402 156.7801007781281 215.5017401321855 
542.9051482533574 506.8264002594971 964.2427080356895 316.93059177050105 0.0 503.491807281906 339.8602654032978 71.56814934033156 253.6631624812716 155.4155719353759 
843.5223767037837 382.968667125654 643.8167441127949 466.0611547855067 503.491807281906 0.0 184.61040057374882 495.66319209721433 579.1243389808444 557.2593651074875 
667.632383876037 287.1271495348359 674.641386219375 292.60553651631403 339.8602654032978 184.61040057374882 0.0 319.75146598569336 395.0721453101952 374.370137697974 
480.70781146139075 450.1610822805543 912.3168309310093 248.50150904974402 71.56814934033156 495.66319209721433 319.75146598569336 0.0 185.15128949051368 93.38094023943002 
302.00165562460086 392.2295246408664 850.0499985294982 156.7801007781281 253.6631624812716 579.1243389808444 395.0721453101952 185.15128949051368 0.0 102.25947388873072 
388.40185375458753 443.3565156846124 908.1728910290154 215.5017401321855 155.4155719353759 557.2593651074875 374.370137697974 93.38094023943002 102.25947388873072 0.0 
