20 2
11
15
0.0 722.5192038970314 896.9554058034323 119.07980517283357 541.4000369412621 596.4436268416321 570.852870711885 230.5558500667463 763.1775678045051 671.1497597407005 625.9241168065023 60.41522986797286 783.9394109240841 300.6825568602209 299.1070042643602 393.57337308308854 128.84486796143648 439.0 1021.3584091786781 749.0106808317222 
722.5192038970314 0.0 197.29419656948858 639.357489985063 548.2955407442231 634.2846364212206 762.9475735592846 579.3876077376872 730.5901723948933 309.2765752526369 543.1031209632292 698.6444016808551 844.7538102903118 482.4645064665379 804.8012176929158 354.18921496849674 679.7242087788252 478.7702998307226 333.6240399012038 500.9361236724698 
896.9554058034323 197.29419656948858 0.0 823.3790135775869 615.997564930252 686.9293995746579 955.7164851565552 727.629713521926 903.9009901532357 338.7875440449368 725.7382448238483 866.4000230840255 1023.0171064063396 675.7788099666932 999.8849933867394 509.4752202021213 866.4467669741748 583.5289195918228 301.0813843464919 491.0010183288829 
119.07980517283357 639.357489985063 823.3790135775869 0.0 556.5626649354051 625.7036039531816 470.2393007820593 252.4915840181609 649.9630758743145 635.2149242579239 507.3194260029868 148.22280526288793 678.7702114854482 186.6815470259447 245.69289774024807 342.28642976314444 51.35172830587107 439.15031595115585 922.9176561319 741.8119707850501 
541.4000369412621 548.2955407442231 615.997564930252 556.5626649354051 0.0 93.62157870918435 963.7369973182517 312.27231705676377 1061.592200423496 278.4097699435133 867.332116319925 483.4914683838796 1136.848714649403 561.8540735813882 802.2100722379395 312.70753108935514 606.4231196120412 126.90547663517127 873.5611026138927 231.00865784641059 
596.4436268416321 634.2846364212206 686.9293995746579 625.7036039531816 93.62157870918435 0.0 1047.9704194298615 374.66384933697566 1152.401405761031 348.61009738675097 959.1037482983788 536.6796064692602 1225.2558916405992 647.0896383036898 870.7755164219996 404.7283039274619 674.0163202771873 215.05813167606567 954.7910766235722 247.50353532828578 
570.852870711885 762.9475735592846 955.7164851565552 470.2393007820593 963.7369973182517 1047.9704194298615 0.0 700.9086959083901 239.17566765873153 929.0086113702068 258.3215051055564 615.5428498488144 216.18973148602595 401.99129343805447 320.0249990235138 666.5740769036852 442.77307957914513 836.8631907307191 899.44204927277 1092.1172098268573 
230.5558500667463 579.3876077376872 727.629713521926 252.4915840181609 312.27231705676377 374.66384933697566 700.9086959083901 0.0 844.9875738731309 458.8354824989018 670.2962031818471 175.231275747225 896.5472659040347 321.46228394634414 496.45241463810004 225.21101216414795 299.7081914129142 209.6115454835444 905.0596665413833 519.3852134976505 
763.1775678045051 730.5901723948933 903.9009901532357 649.9630758743145 1061.592200423496 1152.401405761031 239.17566765873153 844.9875738731309 0.0 963.4199499698976 199.36148073286373 797.9786964574931 126.3210196285638 523.7881251040347 549.9209034033895 749.3383748347604 635.4439393054276 937.4246636396975 775.5056415010789 1146.3808267761635 
671.1497597407005 309.2765752526369 338.7875440449368 635.2149242579239 278.4097699435133 348.61009738675097 929.0086113702068 458.8354824989018 963.4199499698976 0.0 764.4220038695903 625.5013988793311 1061.5672376255777 553.0497265165222 860.9767708829315 295.0016949103852 685.6128645234131 270.8154353060401 611.0523709143105 194.65096968677037 
625.9241168065023 543.1031209632292 725.7382448238483 507.3194260029868 867.332116319925 959.1037482983788 258.3215051055564 670.2962031818471 199.36148073286373 764.4220038695903 0.0 650.3391422942341 302.7936591145858 351.66034749456753 480.2020408119899 554.6250986026507 505.72917653621687 744.7482796220479 642.4780151880685 947.0300945587737 
60.41522986797286 698.6444016808551 866.4000230840255 148.22280526288793 483.4914683838796 536.6796064692602 615.5428498488144 175.231275747225 797.9786964574931 625.5013988793311 650.3391422942341 0.0 826.0151330332877 310.3868553917836 356.2653505464712 358.06424004639166 174.07182425654074 384.81294157031675 1006.8033571656384 694.6056435129217 
783.9394109240841 844.7538102903118 1023.0171064063396 678.7702114854482 1136.848714649403 1225.2558916405992 216.18973148602595 896.5472659040347 126.3210196285638 1061.5672376255777 302.7936591145858 826.0151330332877 0.0 581.8049501336337 534.0205988536397 828.2107219784106 655.2266783335367 1010.6997575937179 901.7593914121438 1239.0036319559358 
300.6825568602209 482.4645064665379 675.7788099666932 186.6815470259447 561.8540735813882 647.0896383036898 401.99129343805447 321.46228394634414 523.7881251040347 553.0497265165222 351.66034749456753 310.3868553917836 581.8049501336337 0.0 325.39975414864716 269.9814808463721 211.69081227110448 434.95402055849536 743.9764781227966 699.2088386169042 
299.1070042643602 804.8012176929158 999.8849933867394 245.69289774024807 802.2100722379395 870.7755164219996 320.0249990235138 496.45241463810004 549.9209034033895 860.9767708829315 480.2020408119899 356.2653505464712 534.0205988536397 325.39975414864716 0.0 566.4141594275341 196.7739820199815 683.6987640766948 1038.4238055822873 982.274910602933 
393.57337308308854 354.18921496849674 509.4752202021213 342.28642976314444 312.70753108935514 404.7283039274619 666.5740769036852 225.21101216414795 749.3383748347604 295.0016949103852 554.6250986026507 358.06424004639166 828.2107219784106 269.9814808463721 566.4141594275341 0.0 391.95025194532025 191.8567173700207 681.1086550617309 429.24235578516715 
128.84486796143648 679.7242087788252 866.4467669741748 51.35172830587107 606.4231196120412 674.0163202771873 442.77307957914513 299.7081914129142 635.4439393054276 685.6128645234131 505.72917653621687 174.07182425654074 655.2266783335367 211.69081227110448 196.7739820199815 391.95025194532025 0.0 489.9510179599589 954.8968530684348 793.1305062850628 
439.0 478.7702998307226 583.5289195918228 439.15031595115585 126.90547663517127 215.05813167606567 836.8631907307191 209.6115454835444 937.4246636396975 270.8154353060401 744.7482796220479 384.81294157031675 1010.6997575937179 434.95402055849536 683.6987640766948 191.8567173700207 489.9510179599589 0.0 811.8177135293366 310.0258053775524 
1021.3584091786781 333.6240399012038 301.0813843464919 922.9176561319 873.5611026138927 954.7910766235722 899.44204927277 905.0596665413833 775.5056415010789 611.0523709143105 642.4780151880685 1006.8033571656384 901.7593914121438 743.9764781227966 1038.4238055822873 681.1086550617309 954.8968530684348 811.8177135293366 0.0 783.4207043472875 
749.0106808317222 500.9361236724698 491.0010183288829 741.8119707850501 231.00865784641059 247.50353532828578 1092.1172098268573 519.3852134976505 1146.3808267761635 194.65096968677037 947.0300945587737 694.6056435129217 1239.0036319559358 699.2088386169042 982.274910602933 429.24235578516715 793.1305062850628 310.0258053775524 783.4207043472875 0.0 
