10 2
5
5
0.0 827.3572384405662 540.0009259251322 543.9604765054168 576.0312491523355 678.126831794761 775.3276726649192 612.6989472816156 687.6401675295009 415.00843364924526 
827.3572384405662 0.0 1038.8864230511438 388.59876479474303 1055.820060426965 719.7388415251743 94.11163583744573 302.76063152266016 981.9149657684213 416.076915966267 
540.0009259251322 1038.8864230511438 0.0 650.6135565756373 36.6742416417845 441.65257839165844 1034.5482105730985 738.2987200313976 228.114006584427 746.6759672039807 
543.9604765054168 388.59876479474303 650.6135565756373 0.0 667.2218521601342 372.1464765384727 394.4008113581918 89.0 604.3922567339856 265.6633207652121 
576.0312491523355 1055.820060426965 36.6742416417845 667.2218521601342 0.0 438.1278352262043 1054.3362841143237 754.0954846702107 205.0 773.4623455605321 
678.126831794761 719.7388415251743 441.65257839165844 372.1464765384727 438.1278352262043 0.0 749.7766334049095 433.4143514005968 285.91082525850607 602.9593684486542 
775.3276726649192 94.11163583744573 1034.5482105730985 394.4008113581918 1054.3362841143237 749.7766334049095 0.0 317.90721916936707 998.2755130724183 360.3234657915024 
612.6989472816156 302.76063152266016 738.2987200313976 89.0 754.0954846702107 433.4143514005968 317.90721916936707 0.0 682.2001172676534 280.0285699709942 
687.6401675295009 981.9149657684213 228.114006584427 604.3922567339856 205.0 285.91082525850607 998.2755130724183 682.2001172676534 0.0 775.8124773423021 
415.00843364924526 416.076915966267 746.6759672039807 265.6633207652121 773.4623455605321 602.9593684486542 360.3234657915024 280.0285699709942 775.8124773423021 0.0 
